PhotoID,X,Y,Z,Omega,Phi,Kappa,r11,r12,r13,r21,r22,r23,r31,r32,r33
DJI_20220712132043_0001	607822.1200785858090967	5906836.5620831800624728	1049.8655610048547260	20.3309302838589439	1.0152858381638266	-90.7001318600468807	-0.0122173836675035	-0.9377067291255976	-0.3472129399790475	0.9997683567405243	-0.0053021411779363	-0.0208595340139980	0.0177191533847734	-0.3473873593720751	0.9375542939754604
DJI_20220712132044_0002	607832.4400041929911822	5906836.7629012791439891	1049.8430333042058464	20.2520052147309499	1.0835339862844540	-90.5842144356004866	-0.0101944655359585	-0.9381971944124617	-0.3459510041451259	0.9997692137048590	-0.0030205545491756	-0.0212695928072026	0.0189101084186485	-0.3460879955254180	0.9380114642971024
DJI_20220712132046_0003	607845.1196471608709544	5906837.0243531027808785	1049.8512626033650577	20.1840468748975859	1.1113501730126412	-90.5139186146880519	-0.0089677643944998	-0.9386113983661379	-0.3448597135922476	0.9997716707576058	-0.0017267350915445	-0.0212984679371426	0.0193955034044156	-0.3449719716775370	0.9384125708901191
DJI_20220712132047_0004	607858.9793055971385911	5906837.3849474173039198	1049.8719233577726300	20.1325653006539085	0.9549421265266272	-90.8060001986184204	-0.0140649395350899	-0.9388865687545606	-0.3439392220846029	0.9997621808035303	-0.0074715905553788	-0.0204879762188006	0.0166661126494414	-0.3441455888818885	0.9387683709745951
DJI_20220712132048_0005	607873.0170789737021551	5906837.7620673645287752	1049.9012512976223661	20.1247538042740395	0.8719429398603219	-90.9023437569789365	-0.0157463949520856	-0.9389117075991146	-0.3437976968790324	0.9997602077621348	-0.0095514916418723	-0.0197052272970461	0.0152176877818611	-0.3440255431515670	0.9388369654193660
DJI_20220712132050_0006	607887.2050697696395218	5906837.9069826500490308	1049.9276917650176983	20.1156620750590314	0.8965422539438480	-90.6509610171270168	-0.0113597777771110	-0.9390008100675603	-0.3437272670902318	0.9998130463247026	-0.0052872364319031	-0.0185988582937781	0.0156469756749895	-0.3438742849114767	0.9388853222459321
DJI_20220712132051_0007	607900.4661628296598792	5906838.1296798167750239	1049.9154302284225651	20.1275550509865653	1.0056735349039847	-90.2459611527270482	-0.0042921575052382	-0.9389461441010694	-0.3440373756754973	0.9998367493150762	0.0020089323018783	-0.0179565840311809	0.0175514131343502	-0.3440582838251987	0.9387842378460807
DJI_20220712132052_0008	607913.9487933769123629	5906838.4742097845301032	1049.9166611339055635	20.1454096870479376	0.8648709783807907	-90.4913575066077556	-0.0085747241909258	-0.9388316488481174	-0.3442696751475130	0.9998493071604687	-0.0028527186445357	-0.0171238128658985	0.0150942729464145	-0.3443646281450248	0.9387146349166815
DJI_20220712132053_0009	607927.2928021703846753	5906838.8211412094533443	1049.9017058656577319	20.1695989441716463	0.8831549595481966	-90.4523900956911291	-0.0078946766926857	-0.9386888074752031	-0.3446752047953235	0.9998500400939121	-0.0020970639708885	-0.0171901031673736	0.0154133514889200	-0.3447592276408040	0.9385645974318422
DJI_20220712132055_0010	607941.2688853585859761	5906839.1720643443986773	1049.8985557624423564	20.1678290939014424	0.8516023396542634	-90.5223948043387310	-0.0091163759377463	-0.9386944595521561	-0.3446296610796096	0.9998479841048173	-0.0034343428390860	-0.0170942671909875	0.0148627174936172	-0.3447331096592694	0.9385830718340041
DJI_20220712132056_0011	607954.6246776202460751	5906839.4499243227764964	1049.9290130232800493	20.1894492305891013	0.9064956861801796	-90.3378634754996881	-0.0058960578833480	-0.9385724712226248	-0.3450318141338422	0.9998574612238545	-0.0000744554474800	-0.0168834739131206	0.0158206743353425	-0.3450821796607902	0.9384391272448809
DJI_20220712132057_0012	607968.3163059480721131	5906839.7698264196515083	1049.9434848773489648	20.2103509181905245	0.8353411884532163	-90.4312530146230245	-0.0075259140191984	-0.9384419532993051	-0.3453549781108698	0.9998653985392639	-0.0020268889312348	-0.0162811708786595	0.0145789376188873	-0.3454310235185105	0.9383308918333977
DJI_20220712132059_0013	607981.9645482454216108	5906840.0381929371505976	1049.9558012870625134	20.2409133216467936	0.8334110271736273	-90.3132798357063109	-0.0054671589488814	-0.9382597053237577	-0.3458884726885272	0.9998792655981145	-0.0000979630260228	-0.0155384886723770	0.0145452535214680	-0.3459316634380573	0.9381469606788564
DJI_20220712132100_0014	607995.8997159411665052	5906840.1632710555568337	1049.9481026354774258	20.2517365920205741	0.8895900719878862	-90.0865624034851749	-0.0015106162776926	-0.9381878934722320	-0.3461230916604623	0.9998783286830527	0.0039567262160844	-0.0150888086884647	0.0155256519491994	-0.3461037718080919	0.9380677658206603
DJI_20220712132101_0015	608009.0444787095766515	5906840.4114627912640572	1049.9363334915942687	20.2638497195654566	0.8029646992583604	-90.2535876012245097	-0.0044254895089157	-0.9381199375579768	-0.3462822516370465	0.9998920067265994	0.0007015935875573	-0.0146793273242460	0.0140139190400461	-0.3463098186922452	0.9380155220200165
DJI_20220712132103_0016	608023.0111561388475820	5906840.8370531797409058	1049.8733108265889769	20.2588782684996822	0.9101793362467049	-89.8819630966411438	0.0020598712104255	-0.9381243698169842	-0.3462923962290860	0.9998717042888285	0.0074330391964341	-0.0141889002695141	0.0158849580783298	-0.3462187410926680	0.9380193235872375
DJI_20220712132104_0017	608036.0771435203496367	5906841.2209187913686037	1049.8204549233571470	20.2842791279515176	0.7385289564506203	-90.4076799350573026	-0.0071147060407108	-0.9379921422180278	-0.3465834994560311	0.9998916162250349	-0.0022056716208007	-0.0145564698876195	0.0128894049840305	-0.3466495004322625	0.9379061717939706
DJI_20220712132105_0018	608049.6272394448751584	5906841.4926334358751774	1049.8358339267911106	20.2745365283319892	0.6569605367899678	-90.6179970485083572	-0.0107851651113698	-0.9380313161720397	-0.3463826353818433	0.9998760993071960	-0.0061447045253797	-0.0144923649043954	0.0114658731785698	-0.3464960208816943	0.9379813650949606
DJI_20220712132107_0019	608063.1854306695749983	5906841.8345013661310077	1049.8633235681654696	20.2939893698855371	0.9049623459607902	-90.0282095047365658	-0.0004922873066416	-0.9379279082008501	-0.3468299247054447	0.9998751471436477	0.0050161315030752	-0.0149842767330649	0.0157939158436682	-0.3467939985679138	0.9378083358445910
DJI_20220712132108_0020	608076.8409851228352636	5906842.1989805651828647	1049.8675335372781774	20.3201239316243694	0.8239266055942964	-90.4726632388451293	-0.0082485832611822	-0.9377763076022541	-0.3471419850350361	0.9998625825851297	-0.0027426393362765	-0.0163491246146810	0.0143797364502531	-0.3472291387964933	0.9376700636952571
DJI_20220712132109_0021	608090.4643823555670679	5906842.5317591065540910	1049.9074990994545260	20.3379917708512608	0.9182722510055965	-90.4085006187759888	-0.0071287047511273	-0.9376745623788171	-0.3474415010275316	0.9998461595982433	-0.0011152706011938	-0.0175046653247212	0.0160261881062126	-0.3475128360782959	0.9375382605822572
DJI_20220712132111_0022	608104.0547727330122143	5906842.8995536118745804	1049.8954793495242939	20.3239379390133230	0.9572456630414987	-90.4684045215025634	-0.0081739691486527	-0.9377600046844771	-0.3471877875768754	0.9998270277350376	-0.0018637927277400	-0.0185051583940460	0.0167063113486389	-0.3472789943126970	0.9376130327967315
DJI_20220712132112_0023	608117.7417964730411768	5906843.2147474046796560	1049.9190962013419721	20.3411600543164539	0.9237441371050518	-90.6596033402007322	-0.0115104996252359	-0.9376418423897472	-0.3474122677717889	0.9998037806942441	-0.0051904272396672	-0.0191169970070005	0.0161216781965643	-0.3475641449646825	0.9375176033691828
DJI_20220712132113_0024	608131.4652681072475389	5906843.4197317613288760	1049.9153535171665226	20.3622960488243123	1.0667219285774709	-90.3156847967654244	-0.0055087563570516	-0.9375326278556214	-0.3478537412613682	0.9998115176406063	0.0013122751243341	-0.0193702639937094	0.0186167343158413	-0.3478948830324067	0.9373486904899809
DJI_20220712132115_0025	608145.6616992944618687	5906843.6123666204512119	1049.9017200945340846	20.3743344365088959	1.0384330893463751	-90.4015526331622965	-0.0070072071670113	-0.9374592352849567	-0.3480245411270044	0.9998112086114394	-0.0002604656170575	-0.0194288263308927	0.0181230842477859	-0.3480949789017463	0.9372840761907466
DJI_20220712132116_0026	608159.0687207248993218	5906843.9217058438807726	1049.8996807904993602	20.3824158321660143	0.9682222712489219	-90.5677626848358273	-0.0099077512255972	-0.9374012177344976	-0.3481103179389143	0.9998081309515124	-0.0034037699957005	-0.0192902989365200	0.0168978622581602	-0.3482346498263754	0.9372550831611458
DJI_20220712132117_0027	608172.2251315405592322	5906844.2628410905599594	1049.8652090055957160	20.3829018979547492	1.0144204847092628	-90.4844285385824350	-0.0084534471484913	-0.9374045974258617	-0.3481395696501117	0.9998075343569119	-0.0017594195811539	-0.0195396695440309	0.0177040524869377	-0.3482377423077463	0.9372390524076256
DJI_20220712132119_0028	608185.8076403639279306	5906844.6126744206994772	1049.8097250952821469	20.3829886508702209	1.0826018245922455	-90.3092420675005485	-0.0053963026224240	-0.9374073045756223	-0.3481930861551864	0.9998069326880962	0.0015211926061241	-0.0195903885075397	0.0188938420346024	-0.3482315771168986	0.9372181130515190
DJI_20220712132120_0029	608199.3590936264954507	5906845.0582477701827884	1049.7372430480256753	20.3967524271069642	1.0448865281791053	-90.4421603703908090	-0.0077157944588567	-0.9373228810079558	-0.3483766399384630	0.9998039436727768	-0.0008779333608009	-0.0197813914924418	0.0182356993897143	-0.3484609676448144	0.9371458868798436
DJI_20220712132121_0030	608213.0478436410194263	5906845.3523263949900866	1049.8077896031506953	20.3956323024039214	1.0100840594642921	-90.5776344943988505	-0.0100798864432824	-0.9373228608613686	-0.3483163079672694	0.9997937968046311	-0.0033062436679873	-0.0200357835830974	0.0176283794000323	-0.3484464424548891	0.9371629084530931
DJI_20220712132123_0031	608226.9129330924479291	5906845.5702755982056260	1049.8329833196739855	20.3930732566564963	0.9850721724936615	-90.6583422249979236	-0.0114882884734537	-0.9373310810824595	-0.3482505759718680	0.9997862059476949	-0.0047795673675722	-0.0201171104409299	0.0171919057891967	-0.3484072332380130	0.9371855943209801
DJI_20220712132139_0032	608202.7128535395022482	5906870.8227285956963897	1049.8539006924033856	19.8289627968761835	-0.3140224530993092	90.5690230066630164	-0.0099310125727238	0.9406814900448282	0.3391455576538218	-0.9999356663983441	-0.0074833022670369	-0.0085242742612188	-0.0054806982931498	-0.3392083938734763	0.9406952893854611
DJI_20220712132141_0033	608191.4583836024394259	5906870.4808810716494918	1049.8469637274424713	19.8198819231242140	-0.4556337099380853	90.4536022012136840	-0.0079165188817860	0.9407550329256830	0.3389945379409391	-0.9999370434445454	-0.0047515731934369	-0.0101652200944791	-0.0079522246054787	-0.3390536691693303	0.9407334221481870
DJI_20220712132142_0034	608178.1990488228620961	5906870.2053938359022141	1049.8352273957045782	19.8135835874274164	-0.6060813339198073	90.5094776897484508	-0.0088914484870182	0.9407951234482252	0.3388590825694952	-0.9999045203440076	-0.0047801871658716	-0.0129653386488852	-0.0105779175371900	-0.3389420090615772	0.9407477994414225
DJI_20220712132143_0035	608164.5637912795646116	5906869.9449486127123237	1049.8627599682938580	19.8120507293555335	-0.6370979308946928	90.6988751521067513	-0.0121966159509816	0.9407854839409758	0.3387829921428863	-0.9998637933944112	-0.0077069776875862	-0.0145944220119236	-0.0111192274139492	-0.3389148502218036	0.9407513417906189
DJI_20220712132145_0036	608150.1698760743020102	5906869.6718527767807245	1049.8783166039836487	19.8097928804418899	-0.7170233451649634	90.6156214973630370	-0.0107435740033225	0.9408141189507184	0.3387526667062817	-0.9998639773141865	-0.0058678266424103	-0.0154141324748134	-0.0125140915407962	-0.3388721915316726	0.9407491883171789
DJI_20220712132146_0037	608137.0674090124666691	5906869.3601361410692334	1049.9015520390048550	19.8051490526860654	-0.6814945356573395	90.7592432882710938	-0.0132499700686230	0.9408211202728940	0.3386444417698835	-0.9998414724513530	-0.0084375052447255	-0.0156792369570791	-0.0118940430254552	-0.3387985067170496	0.9407837708989280
DJI_20220712132147_0038	608123.3061345655005425	5906869.0103529589250684	1049.8872074842074653	19.7672476394223189	-0.8667918594805213	90.3080401497877432	-0.0053756737244516	0.9410881557374291	0.3381185964461756	-0.9998711176726456	0.0000566595308940	-0.0160544334609511	-0.0151277948182388	-0.3381613223306633	0.9409665615225206
DJI_20220712132149_0039	608109.8587768077850342	5906868.6812768941745162	1049.8815080044723800	19.7448142006838765	-0.6732989408304477	90.8811732249018149	-0.0153777059587439	0.9411563402740504	0.3376214882400125	-0.9998127023873370	-0.0105052044758303	-0.0162542555612921	-0.0117510129085512	-0.3378082057038836	0.9411416098838401
DJI_20220712132150_0040	608096.2872429265407845	5906868.3659162148833275	1049.8501630584439681	19.7157652772784786	-0.7198316347238036	90.7997636299684103	-0.0139569537518334	0.9413452051355224	0.3371563557317711	-0.9998236704141821	-0.0089019993506802	-0.0165342821759590	-0.0125631015868966	-0.3373276733028613	0.9413034629186254
DJI_20220712132151_0041	608082.7122431569732726	5906868.1233482053503394	1049.8495694993641791	19.7037552179065898	-0.7090667189611775	90.8031938837228552	-0.0140168452327053	0.9414144347482496	0.3369605171193722	-0.9998251755475356	-0.0090251617976851	-0.0163757380250832	-0.0123752329700374	-0.3371311443669361	0.9413763567812705
DJI_20220712132153_0042	608069.2169931456446648	5906867.9039947781711817	1049.8965333248756906	19.7046691534711584	-0.5289194212822816	91.2636751780170385	-0.0220525648181455	0.9412827464792641	0.3368983163587990	-0.9997141933220844	-0.0176503557136587	-0.0161244104870849	-0.0092312542655785	-0.3371576131776284	0.9414029571979522
DJI_20220712132154_0043	608055.1933208528207615	5906867.4827075749635696	1049.8820397362726453	19.7145875432475108	-0.6587729843559914	91.0379499718646770	-0.0181134562900601	0.9413004815120404	0.3370835300135968	-0.9997698285589380	-0.0131749840080699	-0.0169325042335760	-0.0114975042709587	-0.3373126491870538	0.9413224655206905
DJI_20220712132155_0044	608042.2474223922472447	5906867.1001131040975451	1049.8992850247916522	19.6821458963017868	-0.7717834347531770	90.8081705830260120	-0.0141034902693732	0.9415458652604243	0.3365894757315194	-0.9998098105492185	-0.0087445190923143	-0.0174320427770474	-0.0134697547029675	-0.3367713126096751	0.9414901214093534
DJI_20220712132157_0045	608028.4596802862361073	5906866.7802706137299538	1049.9030365034714123	19.6628497169553178	-0.7659346128559068	90.7441020425812184	-0.0129855051675344	0.9416679190824533	0.3362928884565731	-0.9998263257760948	-0.0077317570645610	-0.0169569519009115	-0.0133676826944286	-0.3364546776367028	0.9416047764087458
DJI_20220712132158_0046	608014.7954237360972911	5906866.4980716994032264	1049.9158058062073451	19.6422217044543501	-0.7658382681273447	90.6296996670969861	-0.0109891295064415	0.9418024990705454	0.3359870410851662	-0.9998502833132671	-0.0058579443046043	-0.0162817519605261	-0.0133660013119267	-0.3361156604994781	0.9417258692294324
DJI_20220712132159_0047	608001.1598489731550217	5906866.1957233808934689	1049.9086476666443559	19.6294225136954594	-0.8351815572991150	89.9858477098122052	0.0002469778168092	0.9418838293575652	0.3359386714813977	-0.9998937317534862	0.0051292930837787	-0.0136460819486254	-0.0145761518257039	-0.3358996015883181	0.9417850038362068
DJI_20220712132201_0048	607987.5770764042390510	5906865.8537268824875355	1049.8604486564579474	19.6452565538258241	-0.4144989139042184	91.0868689678672325	-0.0189678080261155	0.9416688854072420	0.3360058519052393	-0.9997939222914505	-0.0154324963574650	-0.0131890486864975	-0.0072343076905836	-0.3361867759327545	0.9417675490693967
DJI_20220712132202_0049	607974.0090649103512987	5906865.4628489091992378	1049.8540127199134986	19.6499839664330764	-0.4782560414466349	91.2437342949369850	-0.0217047975845238	0.9416035031867598	0.3360234285704421	-0.9997295777311790	-0.0176352917905941	-0.0151580966120496	-0.0083470456602355	-0.3362615637712447	0.9417316430697568
DJI_20220712132203_0050	607960.4949875735910609	5906865.1383375674486160	1049.8700328595516567	19.6421085339161330	-0.7326607749480136	90.8430326367939784	-0.0147119614144919	0.9417719594678476	0.3359302525099938	-0.9998100074350023	-0.0095592110992087	-0.0169873634205620	-0.0127869943364228	-0.3361163456948387	0.9417336645424697
DJI_20220712132205_0051	607946.4543479026760906	5906864.8259785976260900	1049.8769898327436749	19.6505039489122453	-0.8045329936664317	90.8526070888933219	-0.0148787847857522	0.9417273925959562	0.3360478236765114	-0.9997907100926863	-0.0092923394458954	-0.0182260374186207	-0.0140412882479396	-0.3362486735468924	0.9416685572760165
DJI_20220712132206_0052	607933.1980698253028095	5906864.5851815072819591	1049.8961439527245147	19.6271074043366056	-1.1278478225257724	89.9040053369451471	0.0016750975601887	0.9418862415207931	0.3359278227268429	-0.9998048601276166	0.0081896636925368	-0.0179769595260322	-0.0196833867350469	-0.3358321566533468	0.9417161604454928
DJI_20220712132207_0053	607919.6466648816131055	5906864.2748181615024805	1049.8822040270792968	19.5991405782291963	-0.9263307464318599	90.4217384048457546	-0.0073596953036480	0.9420768804090445	0.3353162481655185	-0.9998422220069938	-0.0015113902437092	-0.0176987793830399	-0.0161668171621897	-0.3353936002643687	0.9419393647812738
DJI_20220712132209_0054	607905.9030456707114354	5906864.0102919507771730	1049.8868855847863415	19.5759264740106822	-0.9207275688969562	90.3855281827220693	-0.0067278165967362	0.9422132117695722	0.3349462644226789	-0.9998482497693626	-0.0009558554279696	-0.0173943603947753	-0.0160690359693146	-0.3350124623163576	0.9420766615173888
DJI_20220712132210_0055	607892.6338087441399693	5906863.7968708947300911	1049.8775696492514271	19.5827659076941067	-0.8112616350717927	90.6898364458727855	-0.0120384195517949	0.9421471592308259	0.3349832933266653	-0.9998272887284829	-0.0065980276228459	-0.0173740825754892	-0.0141587135201802	-0.3351345944315116	0.9420638696217366
DJI_20220712132211_0056	607879.0670400265371427	5906863.5580069441348314	1049.8092974996443445	19.6134076881584534	-0.8637871878579630	90.7601871741185704	-0.0132658721599189	0.9419631576742786	0.3354540597759070	-0.9997983547572133	-0.0074376614737985	-0.0186529090645829	-0.0150753593856631	-0.3356338641676435	0.9418718823509330
DJI_20220712132212_0057	607865.4973871842958033	5906863.2424701657146215	1049.8164256506679521	19.6410403587611455	-0.7194531634165217	90.9510115813488937	-0.0165962127027782	0.9417572479894890	0.3358836875812622	-0.9997834266072972	-0.0114118394973855	-0.0174031549053060	-0.0125564965374903	-0.3360997705719994	0.9417426817428176
DJI_20220712132214_0058	607851.6619125267025083	5906862.9249682342633605	1049.8310307505007586	19.6699753249099558	-0.8812225284874976	90.5289723078882389	-0.0092310853499506	0.9416547260126286	0.3364538066976537	-0.9998391141076781	-0.0035168618741030	-0.0175891325235997	-0.0153796282021399	-0.3365620428102974	0.9415356915038985
DJI_20220712132215_0059	607838.2745174868032336	5906862.5787835586816072	1049.8526195211027243	19.6844980668836023	-0.8896188614680551	90.6034993788585155	-0.0105315868212729	0.9415645695225896	0.3366678587254289	-0.9998239966163149	-0.0046877865325607	-0.0181659144445113	-0.0155261543598534	-0.3367999199482777	0.9414482208032625
DJI_20220712132216_0060	607824.1142319890204817	5906862.2729427441954613	1049.8352761752382776	19.6941691879014193	-0.8792887964925384	90.2569873216649086	-0.0044847316983540	0.9415185703926953	0.3369312523160887	-0.9998721873725929	0.0009486078912533	-0.0159596071949249	-0.0153458821949526	-0.3369597628037572	0.9413939781785812
DJI_20220712132218_0061	607810.5965927373617887	5906861.9686134522780776	1049.8501705926164504	19.6996293602668580	-0.8694176977473944	90.4614733081789382	-0.0080532143166557	0.9414833844653406	0.3369631767936324	-0.9998524426249829	-0.0024680578704166	-0.0170000490353676	-0.0151736190813705	-0.3370503604300650	0.9413643374474823
DJI_20220712132219_0062	607797.3339451536303386	5906861.7277672756463289	1049.8510665179369425	19.6905269807931909	-0.8602827063409948	90.2411866196997181	-0.0042090137022329	0.9415392191451383	0.3368771037265926	-0.9998784215868221	0.0010954904809810	-0.0155544831367722	-0.0150142015671975	-0.3369016157755417	0.9414201373664840
DJI_20220712132236_0063	607767.5942624330054969	5906886.8311513159424067	1049.8215007020489793	0.7182092624580881	-19.8644089235044135	-89.0703305746550740	0.0152596781615742	-0.9998589184068548	-0.0070203635717733	0.9403755801517119	0.0119651031617098	0.3399273518866389	-0.3397953950199107	-0.0117889604547942	0.9404254940901254
DJI_20220712132237_0064	607771.4777454631403089	5906886.9406924908980727	1049.8283078593556183	20.5688805114429094	0.6080186462701250	-89.4414785248755777	0.0097473354372923	-0.9361696705939311	-0.3514133425354289	0.9998961849503233	0.0128545366413822	-0.0065100084120447	0.0106117281185578	-0.3513134053061271	0.9361977795736067
DJI_20220712132238_0065	607775.4256269852630794	5906887.0016295937821269	1049.8604239684405002	0.5828629184802443	-19.8595494352715640	-89.0291341966047156	0.0159363041552493	-0.9998632598797377	-0.0044153994763562	0.9403931770878531	0.0134877876931465	0.3398216474413605	-0.3397156262177030	-0.0095677126738517	0.9404795330987819
DJI_20220712132239_0066	607779.3063708809204400	5906887.1455123880878091	1049.8843744142304786	20.5035155972896490	0.5418380836099368	-89.5999962202091638	0.0069810140908829	-0.9366047486139266	-0.3503181558470891	0.9999309155807841	0.0098513392182948	-0.0064121120843440	0.0094567176144164	-0.3502491912759405	0.9366088161567303
DJI_20220712132239_0067	607783.1353820553049445	5906887.1606471631675959	1049.9203885479798828	0.3566131758689227	-19.8290824041891831	-89.4714671495423062	0.0086775746619570	-0.9999575602586621	-0.0030947341615400	0.9406686858791117	0.0071131303024371	0.3392518633460512	-0.3392154523373780	-0.0058550028902801	0.9406904888626766
DJI_20220712132240_0068	607786.9018533984199166	5906887.2226519724354148	1049.9413894341978448	20.4305229688872387	0.4524801374522538	-89.8208243010067804	0.0031271032736383	-0.9370829601844161	-0.3490927483594107	0.9999639271877007	0.0056871555034329	-0.0063087705324639	0.0078971861107240	-0.3490604274252416	0.9370669412892767
DJI_20220712132241_0069	607790.5934110481757671	5906887.2349191177636385	1049.9220384714883494	0.4049904369866562	-19.8242341890159359	-88.8745462300515925	0.0184775979912285	-0.9998291921862038	-0.0004059861548834	0.9405559276425359	0.0172444489814086	0.3392007900282928	-0.3391358508753738	-0.0066494685209720	0.9407139093366393
DJI_20220712132242_0070	607794.2758933468721807	5906887.2884539756923914	1049.9058047531702869	20.4535320759539339	0.5633113005037085	-89.5760817772071221	0.0073983436631342	-0.9369048416750307	-0.3495061975944446	0.9999243004053743	0.0103677494409779	-0.0066259512790801	0.0098314785187991	-0.3494307190523119	0.9369106225316903
DJI_20220712132242_0071	607797.9686000156216323	5906887.3312382446601987	1049.9567999214841620	0.2426940354502694	-19.9103949983030049	-89.5336420174198935	0.0076528712820111	-0.9999696449490183	-0.0014638106694214	0.9401952121362190	0.0066968658137944	0.3405702791853744	-0.3405501382135551	-0.0039826082919539	0.9402179227146861
DJI_20220712132243_0072	607800.7731980758253485	5906887.4371629115194082	1049.9082861648435028	20.5339994200559488	0.5235783473029668	-89.3873745558034472	0.0106916809230387	-0.9363764087419718	-0.3508345893872587	0.9999010872104459	0.0132178986069984	-0.0048065530044165	0.0091380388710491	-0.3507484972282896	0.9364251106936893
DJI_20220712132244_0073	607803.5999861562158912	5906887.4521933803334832	1049.9080180686230506	0.2776906493586899	-19.8751965975454326	-89.4041966113884570	0.0097791582302760	-0.9999513232795471	-0.0013111581867751	0.9403845436847968	0.0087508007837733	0.3400004904178535	-0.3399724666249376	-0.0045579114873423	0.9404243443147500
DJI_20220712132245_0074	607806.1155247376300395	5906887.5251628719270229	1049.9002425500952995	20.5939269089586716	0.4852726637534749	-89.8632270896981566	0.0023870497260122	-0.9360870454740904	-0.3517603520711121	0.9999612839941627	0.0052136654047624	-0.0070885968846736	0.0084695044926887	-0.3517298124820188	0.9360632492011493
DJI_20220712132245_0075	607808.5169525298988447	5906887.5639727422967553	1049.8675250881676675	0.2080117346439516	0.3434165060602587	-89.7336595558367662	0.0046484174419700	-0.9999825043603396	-0.0036583040483193	0.9999712333970265	0.0046702301354114	-0.0059767322938586	0.0059937128489166	-0.0036304164647007	0.9999754474398741
DJI_20220712132246_0076	607810.9546661659842357	5906887.6392596932128072	1049.8528192493629376	0.4939562599488506	-19.7894821442617541	-89.4222363280154298	0.0094881933178591	-0.9999414302429562	-0.0052067524652442	0.9408950963325786	0.0071646915292078	0.3386223337179646	-0.3385651959148657	-0.0081119220264321	0.9409079683136732
DJI_20220712132247_0077	607813.3600406646728516	5906887.7271749284118414	1049.8464920084470577	20.7103437019162975	0.5156940328846794	-89.8238247956549571	0.0030747079856169	-0.9353659933244310	-0.3536679299894216	0.9999547681267839	0.0060590705081761	-0.0073313958485146	0.0090004372845847	-0.3536293910250928	0.9353423148408867
DJI_20220712132247_0078	607815.9279180949088186	5906887.7729555340483785	1049.8496748947520700	0.3144884196854357	0.4235858182661593	-89.7503523502550280	0.0043570405992955	-0.9999752671259190	-0.0055209902792568	0.9999631799366632	0.0043976720273652	-0.0073688025958757	0.0073928998487248	-0.0054886808239688	0.9999576088088127
DJI_20220712132248_0079	607818.4352538600796834	5906887.8424515761435032	1049.8582428688544042	0.6310286613568847	-19.7553041368022626	-89.2618969729689695	0.0121237997894061	-0.9999043343561688	-0.0066584994115746	0.9410666362381717	0.0091589598445190	0.3380971748091677	-0.3380038455965255	-0.0103651141004002	0.9410876498879602
DJI_20220712132249_0080	607820.9255666345125064	5906887.9018675172701478	1049.8604861229750895	20.7424052920661701	0.5632218118272356	-89.8092159094470475	0.0033296435084582	-0.9351653867232957	-0.3541957268923138	0.9999461416553102	0.0065953872755440	-0.0080134047286405	0.0098299167222249	-0.3541499687157339	0.9351369805519828
DJI_20220712132250_0081	607823.3929000181378797	5906887.9345250083133578	1049.8598596046390412	0.2787411624692809	0.3962985791512532	-89.7075109880202177	0.0051047520022253	-0.9999749645741398	-0.0049001767258124	0.9999630499789194	0.0051384623429580	-0.0068916530388187	0.0069166598769307	-0.0048648154845326	0.9999642460540514
DJI_20220712132250_0082	607825.8665805316995829	5906888.0257762353867292	1049.8646172959638534	0.5786239756776844	-19.7287271308624597	-89.1907160685395297	0.0132951289720692	-0.9998974095787240	-0.0053300903720821	0.9412075164349321	0.0107148215473619	0.3376590049230093	-0.3375672533762770	-0.0095059411405189	0.9412534124936959
DJI_20220712132251_0083	607828.3258104539709166	5906888.1166035039350390	1049.8611648732905905	20.7090256393290524	0.6447670005488467	-89.6548443523932832	0.0060236846165073	-0.9353473930888559	-0.3536791900374133	0.9999185385066255	0.0096141041007906	-0.0083955555572044	0.0112530695552649	-0.3535998066235626	0.9353291106243642
DJI_20220712132252_0084	607830.8041602498851717	5906888.1281985240057111	1049.8494019240220041	0.2731154295839264	0.4726072125970229	-89.9600762429419660	0.0006967772494930	-0.9999883688443691	-0.0047724917436726	0.9999657381308712	0.0007361113295211	-0.0082450412062558	0.0082484583921426	-0.0047665832720536	0.9999546202793718
DJI_20220712132253_0085	607833.2717200304614380	5906888.1712358994409442	1049.8669483262463018	0.3877205767461140	-19.6861077613422104	-89.7359340815940385	0.0043394292180871	-0.9999769896423196	-0.0052143590157934	0.9415422512004724	0.0023291604538308	0.3368868715398809	-0.3368669745736561	-0.0063714360598534	0.9415306932034267
DJI_20220712132253_0086	607835.7122600782895461	5906888.2451509740203619	1049.8927720116869295	20.7154377511574097	0.5624400813722428	-89.9080879132314976	0.0016040905584237	-0.9353419831472732	-0.3537411503565924	0.9999505326094339	0.0049727317389822	-0.0086141902209206	0.0098162736102037	-0.3537098337637486	0.9353036909321120
DJI_20220712132254_0087	607837.7744875198695809	5906888.2856051772832870	1049.8767077825616525	0.3185396874780520	0.3611074498095771	-89.8923039921793929	0.0018796114896138	-0.9999827132760318	-0.0055713741351678	0.9999783727183602	0.0019146585422481	-0.0062919137158252	0.0063024722283309	-0.0055594272881805	0.9999646851824506
DJI_20220712132255_0088	607839.5078666543122381	5906888.3444837732240558	1049.8847395754091849	0.4471510092468393	-19.7041341944979465	-89.7968388346457971	0.0033382024266459	-0.9999725907374183	-0.0066086442221397	0.9414403007922990	0.0009144507821979	0.3371784747338923	-0.3371631896406621	-0.0073472140068957	0.9414175492297083
DJI_20220712132255_0089	607841.2196516640251502	5906888.3984991647303104	1049.8899329283319730	20.7780417099833556	0.6698816939713307	-89.7414351219879478	0.0045124847003621	-0.9349334632713988	-0.3547943865637899	0.9999214715352368	0.0083667461643562	-0.0093299689939776	0.0116913747966695	-0.3547244237629683	0.9348977991959305
DJI_20220712132256_0090	607843.0103212422691286	5906888.4257296063005924	1049.8836691180842990	0.3382757212418382	0.5661590266128527	-89.8552267970877949	0.0025266430139377	-0.9999792316632705	-0.0059289389620460	0.9999479878425969	0.0025850605322045	-0.0098660565367939	0.0098811783013201	-0.0059037025823177	0.9999337521112067
DJI_20220712132257_0091	607844.8595618493855000	5906888.4692005198448896	1049.9301788362549814	0.4125611534645165	-19.5728693845847452	-89.9096215659208440	0.0014862523767010	-0.9999766370936188	-0.0066720552163718	0.9422150175055968	-0.0008348401149572	0.3350077071186753	-0.3350054504643193	-0.0067844166234160	0.9421917638412451
DJI_20220712132258_0092	607846.5761969725135714	5906888.4976549604907632	1049.8733590744250250	0.2804281898567731	0.5969564882236834	-90.0330190247445472	-0.0005762593870591	-0.9999878858048115	-0.0048883707656969	0.9999455581621486	-0.0005252908976612	-0.0104213617758183	0.0104186677127419	-0.0048941100413598	0.9999337473302888
DJI_20220712132258_0093	607848.5945676829433069	5906888.5163798360154033	1049.8755372520770379	0.2160824569172174	-19.5783322094274475	-90.2067615157083509	-0.0034000238992849	-0.9999818167961283	-0.0049805536438541	0.9421781097905366	-0.0048723862047476	0.3350771094602028	-0.3350952838656739	-0.0035532984376145	0.9421775442034239
DJI_20220712132259_0094	607850.8463400977198035	5906888.5564778000116348	1049.8658353924829498	0.2035729669297220	20.6523836035390076	-90.0117518714678226	-0.0001919280348924	-0.9999939240311552	-0.0034806701082758	0.9357374479009223	0.0010480298608995	-0.3526958040993375	0.3526973089768313	-0.0033246855766970	0.9357315612430300
DJI_20220712132300_0095	607852.8080124699044973	5906888.6421867674216628	1049.8815214576218295	20.9404066976893404	0.7722660563403866	-89.6205657888801142	0.0066217263363042	-0.9339002800146718	-0.3574722642791234	0.9998872393813699	0.0110018917156964	-0.0102209050959277	0.0134781772740519	-0.3573642754490078	0.9338678243574812
DJI_20220712132301_0096	607854.6595346353715286	5906888.7005348699167371	1049.8904010492362886	0.4669376229298872	0.4663856262909436	-89.2577151481368389	0.0129545230631213	-0.9998820166946792	-0.0082542730018397	0.9998829545348171	0.0130208524609270	-0.0080333450016926	0.0081398748720273	-0.0081492387235203	0.9999336639724127
DJI_20220712132301_0097	607856.4830157158430666	5906888.7810793919488788	1049.8978997319711652	0.5816075316558122	-19.6449869220396920	-89.5699889275345527	0.0070681986214627	-0.9999459293779667	-0.0076275086812514	0.9417672520250597	0.0040921416573106	0.3362405350189442	-0.3361911414380453	-0.0095599527766460	0.9417452541539515
DJI_20220712132302_0098	607858.6855796156451106	5906888.8601095974445343	1049.8854766884376204	0.0954288410538486	20.6614452966093758	-89.5732836560962085	0.0069685232591288	-0.9999665029608137	-0.0042933250410949	0.9356557250267533	0.0080351900194521	-0.3528226182460687	0.3528452974155218	-0.0015584215325052	0.9356803767388088
DJI_20220712132303_0099	607860.5624600343871862	5906888.9363641636446118	1049.9022717787306647	20.8578415393135401	0.9481902414675184	-89.2737683757819269	0.0126730579935605	-0.9343169661850687	-0.3562179112563265	0.9997827503124952	0.0177357251617420	-0.0109497137209424	0.0165482862760760	-0.3560017566694263	0.9343387519896669
DJI_20220712132304_0100	607862.4336290335049853	5906888.9445368396118283	1049.8959862012507074	0.4124120896038110	0.6894295131753553	-89.3310485660289970	0.0116742946013184	-0.9999049287070620	-0.0073378738669406	0.9998594547221893	0.0117614402046025	-0.0119473564842015	0.0120325245982894	-0.0071973656041181	0.9999017033089559
DJI_20220712132305_0101	607864.3569100293098018	5906888.9767921920865774	1049.8904130061923752	0.6578970188917376	-19.4071415652670680	-89.3510874557690755	0.0106819222044807	-0.9999131566204736	-0.0077185332348785	0.9431207582272969	0.0075096203928034	0.3323655231854323	-0.3322786961855761	-0.0108298115790051	0.9431190716141707
DJI_20220712132305_0102	607866.4975177914602682	5906888.9883791254833341	1049.8824802090023240	0.3037018165419895	20.9090391210968640	-90.2110279169623226	-0.0034405832530598	-0.9999861365952918	-0.0039861013663018	0.9341418467755939	-0.0017913881530252	-0.3568974657113260	0.3568853772425569	-0.0049515195353362	0.9341350598091956
DJI_20220712132306_0103	607868.4107692864490673	5906889.0629629893228412	1049.8799272854430455	20.9238601904263923	0.9732483173405745	-89.8798051202314809	0.0020974922185326	-0.9340410532373353	-0.3571595041346113	0.9998535347308010	0.0080254502183335	-0.0151162573118048	0.0169855707209596	-0.3570754864396084	0.9339210819824132
DJI_20220712132307_0104	607870.2896566847339272	5906889.0798378037288785	1049.8709848500416228	0.4807404334566344	0.8000346113023464	-89.6187952355738275	0.0066525805916198	-0.9999418882891435	-0.0084831135919875	0.9998803847582712	0.0067701458059779	-0.0139061605563169	0.0139627843614437	-0.0083895870284858	0.9998673189390512
DJI_20220712132308_0105	607872.1871456262888387	5906889.1238054865971208	1049.8727993346931271	0.7828302829713483	-19.2892249205836599	-89.0141639913810963	0.0162393865567758	-0.9998363073121319	-0.0079775249733450	0.9437233800592271	0.0126910561266813	0.3304922374640269	-0.3303368950841671	-0.0128955680305499	0.9437749944087943
DJI_20220712132308_0106	607874.3063329751603305	5906889.1358664035797119	1049.8595686935973390	0.0347136761449505	20.9929561181744653	-89.5354415933862242	0.0075698131835251	-0.9999651863466842	-0.0035105587886810	0.9335937883443310	0.0083250304025900	-0.3582364194685903	0.3582531734587253	-0.0005656531078164	0.9336243054587399
DJI_20220712132309_0107	607876.1382315701339394	5906889.1908459365367889	1049.8690057556632382	20.8029486787545252	1.2910033050170284	-89.1922752384403026	0.0140934112048358	-0.9346017095595706	-0.3554166853834216	0.9996468171360129	0.0211789437724191	-0.0160528293619652	0.0225303517604736	-0.3550649191753720	0.9345701078145697
DJI_20220712132310_0108	607877.9456743852933869	5906889.1784832347184420	1049.8658518707388794	0.3546911449012362	0.8004813239432577	-89.1779844768594359	0.0143449850984991	-0.9998766852896971	-0.0063902751593524	0.9997995020458823	0.0144325861343278	-0.0138800636267293	0.0139705802073657	-0.0061898846163672	0.9998832472929549
DJI_20220712132311_0109	607879.7768003885867074	5906889.2099535996094346	1049.8724071385531715	0.7201673520568811	-19.3244359281953955	-88.9988269021865648	0.0164884541522982	-0.9998410317863718	-0.0067854282128246	0.9435158441597902	0.0133128512580851	0.3310598432471392	-0.3309168818587329	-0.0118608240752619	0.9435853634691180
DJI_20220712132312_0110	607882.4510242011165246	5906889.2038631876930594	1049.8599824780808376	-0.0455015699572565	20.9296422912703441	-89.3026296380716360	0.0113680561033804	-0.9999290667991289	-0.0035536840960716	0.9339506054276230	0.0118874375506907	-0.3572043609054266	0.3572212674545113	0.0007417538021222	0.9340194943787254
DJI_20220712132312_0111	607884.3860068228095770	5906889.2616786463186145	1049.8627694039000744	20.8326546956254042	1.1069517645127678	-89.5520193361183487	0.0078171987538683	-0.9345408517192003	-0.3557699929330651	0.9997828150455664	0.0141778032587312	-0.0152745747672448	0.0193187510777922	-0.3555733206565269	0.9344487142128699
DJI_20220712132313_0112	607886.2962175577413291	5906889.2730906307697296	1049.8520720050803448	0.3991496222910706	0.8773702607897451	-89.2989817565133848	0.0122333367831770	-0.9998995832973947	-0.0071532365294490	0.9998079194703360	0.0123411389381223	-0.0152256511883419	0.0153124013645229	-0.0069656020132595	0.9998584953647409
DJI_20220712132314_0113	607888.1729529841104522	5906889.3221362093463540	1049.8586865965933157	0.7232465358058111	-19.2356504807554280	-89.0189575706625789	0.0161657125485676	-0.9998449590226518	-0.0069805196646720	0.9440331591594223	0.0129622285736200	0.3295957752124372	-0.3294541912698607	-0.0119179925909271	0.9440963389968861
DJI_20220712132315_0114	607890.2785335590597242	5906889.3579358747228980	1049.8501252824617040	-0.0741332245743942	21.0639052010195940	-89.3028872308100574	0.0113536415016213	-0.9999308048553468	-0.0030790138017948	0.9331110677447967	0.0117016091494648	-0.3593978402765907	0.3594090011071209	0.0012074123787655	0.9331793568647613
DJI_20220712132315_0115	607892.1713524681981653	5906889.4383677244186401	1049.8618842455498452	20.8001149947519757	1.3564183413409485	-89.2710303898009983	0.0127190115389046	-0.9346423567797046	-0.3553616350406323	0.9996388721788847	0.0202987512099421	-0.0176092568907683	0.0236717547807726	-0.3550093317260788	0.9345630114727429
DJI_20220712132316_0116	607894.0363625175086781	5906889.4638981325551867	1049.8553698685459494	0.3876645053341551	0.9614032815088862	-89.0446301685123842	0.0166712292481003	-0.9998362071308791	-0.0070447871149980	0.9997202307617397	0.0167867043474136	-0.0166633358859304	0.0167788653088273	-0.0067650179076828	0.9998363387133196
DJI_20220712132317_0117	607895.9316874920623377	5906889.5265632970258594	1049.8693604063478233	0.7852272614411512	-19.1457473230912747	-88.7966908454621517	0.0198385880973640	-0.9997799721269068	-0.0068145253851871	0.9444790168961064	0.0165045277378179	0.3281569551405514	-0.3279722809404294	-0.0129463469007393	0.9445986317143680
DJI_20220712132318_0118	607898.0205143571365625	5906889.5853318916633725	1049.8613856301235501	-0.0976906314098261	21.1337902736839318	-89.1295469246017831	0.0141699109924119	-0.9998924852166362	-0.0037724832360609	0.9326334252828855	0.0145769959917132	-0.3605307271689466	0.3605469562589315	0.0015903443517455	0.9327397081379476
DJI_20220712132318_0119	607899.9234723991248757	5906889.6585096390917897	1049.8843484929009264	20.8549722154072796	1.4304676562367709	-89.2198594890091670	0.0136113566078225	-0.9342769121291224	-0.3562883417034092	0.9995956886744181	0.0216099409955092	-0.0184788969824269	0.0249637768538901	-0.3558927674351405	0.9341933140054828
DJI_20220712132319_0120	607901.8246300173923373	5906889.6809729030355811	1049.8960420728665213	0.4055689718558307	0.9712230478752520	-89.0652639495619383	0.0163111543589257	-0.9998399194786225	-0.0073540234199600	0.9997232797168463	0.0164330548071741	-0.0168320736065812	0.0169502281893776	-0.0070774378617412	0.9998312855865437
